x : -0 y : 0.333333 w : -3
x : 0.428571 y : 0.428571 w : -2.33333
x : 1 y : 0.25 w : -1.33333
x : 0 y : 1 w : 0
