x : 0 y : 6.66667 w : 3
x : 3 y : 54 w : 0.333333
x : 0.285714 y : -6.28571 w : -2.33333
x : 1 y : -2.6 w : -5
