x : -0 y : -5.33333 w : -3
x : 0.428571 y : -5.28571 w : -2.33333
x : 1 y : -5.5 w : -1.33333
x : 0 y : 2 w : 0
